0.0010948
-0.030607
-0.008326
0.043862
0.083639
0.13343
0.15377
0.20506
0.26742
0.30346
0.30271
0.30749
0.38899
0.52178
0.67102
0.74773
0.71483
0.64051
0.514
0.26847
-0.074122
-0.36721
-0.57357
-0.77589
-0.85754
-0.70023
-0.28332
0.20013
0.52776
0.65935
0.42787
0.077956
-0.32579
-0.88939
-1.4258
-1.7889
-1.6348
-0.97209
-0.17117
0.42802
0.79752
0.98803
1.0214
1.0825
1.1543
1.1207
0.93151
1.079
1.0401
0.86108
0.73592
0.50937
0.26757
0.094106
-0.064252
-0.24041
-0.3865
-0.59869
-0.87997
-1.1417
-1.3195
-1.4307
-1.5459
-1.6242
-1.6779
-1.7631
-2.0833
-2.5829
-3.619
-5.2572
-5.6417
-4.977
-3.7259
-1.7872
0.18502
1.2744
1.7079
1.6512
1.1757
0.83267
0.78182
0.95185
1.2137
1.3333
1.2547
1.0848
0.85539
0.77719
0.86736
0.99192
1.052
1.0815
1.327
1.6049
1.6642
1.5169
1.4363
1.391
1.4815
1.5899
1.9328
2.2477
1.9666
1.8217
1.8343
1.4429
1.0701
0.98429
1.0123
0.87169
0.65726
0.49053
0.45464
0.62735
0.74683
0.62092
0.39019
0.10173
-0.23203
-0.72909
-0.9827
-1.3084
-1.5548
-1.6306
-1.6809
-1.6994
-1.6754
-1.6239
-1.331
-0.86248
-1.0358
-2.8271
-2.7619
-2.0775
-1.3854
-0.74569
-1.3736
-1.6432
-1.3835
-1.0183
-0.663
-0.81148
-1.2492
-1.3568
-1.1394
-0.61903
0.01545
0.40694
0.70586
1.1409
1.5205
1.8754
2.1828
2.4934
2.6871
2.7385
2.6011
2.4797
2.4249
2.3445
2.2542
2.0453
1.9174
1.7366
1.4694
1.1521
0.86586
0.70661
0.56784
0.50129
0.4195
0.322
0.30376
0.34099
0.27534
0.0036369
-0.37693
-0.82524
-1.1811
-1.5891
-1.585
-1.1144
-1.0818
-1.4086
-1.6891
-3.1689
-4.9358
-5.5753
-4.1671
-1.7616
0.10069
0.92897
1.8352
2.3545
1.352
-0.37768
-1.9019
-2.7001
-2.803
-2.4392
-1.5909
-0.62142
0.15078
0.75879
1.1524
1.371
1.5089
1.6808
1.7064
1.7616
1.9932
2.2205
2.3579
2.4053
2.1649
2.0488
1.637
1.2203
1.185
1.3176
1.4794
1.3686
0.99013
0.99282
1.0815
0.9176
0.55348
0.17231
-0.14425
-0.55623
-0.93351
-1.2401
-1.6966
-2.0447
-2.1663
-2.0558
-2.3109
-4.355
-6.3505
-6.2193
-4.1556
-0.80685
1.0115
0.77898
-0.038981
-0.49237
-0.54008
-0.42763
-0.23891
-0.13154
0.014404
-0.10104
-0.38127
-0.40834
-0.017448
0.7561
1.4272
1.8369
2.0444
2.2413
2.3998
2.4844
2.6575
2.9695
3.175
3.1482
3.0497
2.9016
2.5739
1.9661
1.3402
0.82982
0.5164
0.21104
0.11026
-0.030906
-0.075767
0.23602
0.53434
0.71453
0.7742
0.67954
0.46316
0.11026
-0.38067
-1.0516
-1.9598
-2.3427
-1.7298
-1.9044
-2.9084
-2.7169
-2.0052
-2.5974
-3.8701
-4.809
-3.7098
-1.6475
-0.12063
0.77225
1.9243
2.2815
1.3725
-0.11584
-1.6786
-2.775
-2.8651
-2.438
-1.7219
-0.6784
0.24753
0.92059
1.3598
1.5881
1.6811
1.8669
2.0934
2.2693
2.7717
3.1687
3.1611
2.9757
2.5921
2.2036
1.727
1.2826
1.0366
1.0784
1.244
1.1968
1.0477
1.128
1.0401
0.87379
0.84298
0.44432
-0.30366
-1.1982
-2.0389
-2.2424
-2.3909
-2.2859
-1.7778
-1.4842
-1.2366
-1.5509
-3.6546
-4.6484
-3.8519
-2.3909
-1.0821
-1.1147
-1.454
-1.3364
-1.0316
-0.94218
-1.2241
-1.6441
-2.1776
-2.2908
-1.7091
-0.69275
0.2396
0.92328
1.7629
2.3101
2.6317
2.9051
3.0457
3.2436
3.3953
3.5671
3.7313
3.6257
3.3082
2.7868
2.1803
1.6373
1.1814
0.80156
0.63797
0.32768
0.093658
-0.01012
-0.08429
0.062704
0.4195
0.69135
0.66444
0.29105
-0.21229
-0.82255
-1.4533
-1.987
-1.7091
-0.87115
-1.1301
-1.7069
-1.4023
-2.0872
-4.1593
-5.6714
-4.8895
-2.3542
-0.029261
1.0634
1.6799
1.9983
1.0851
-0.81896
-2.5328
-3.7055
-3.759
-3.0324
-1.9768
-0.74075
0.23796
0.88814
1.2587
1.4169
1.6388
1.9534
2.2096
2.3919
2.714
3.0479
3.1263
2.8729
2.6832
2.4815
2.1626
1.9455
1.8183
1.6153
1.3966
1.2221
1.1425
1.2099
1.3418
1.4087
1.1929
0.58533
-0.21648
-1.0084
-1.7621
-2.209
-2.2982
-2.1416
-1.9279
-1.7322
-1.5192
-1.4361
-1.7489
-4.0134
-5.6295
-4.06
-1.7817
0.33187
1.0589
0.31766
-0.74045
-1.2232
-1.1411
-1.1508
-1.5373
-2.0179
-2.2784
-2.0486
-1.3637
-0.39233
0.55378
1.1754
1.5929
1.8215
1.8389
2.0137
2.2758
2.5469
2.9103
3.2691
3.5746
3.7748
3.6365
3.1971
2.6627
2.1372
1.6762
1.2907
0.79902
0.36417
0.061358
-0.28901
-0.36916
-0.23113
-0.049747
0.29613
0.49755
0.44537
0.16349
-0.3071
-1.0038
-1.6336
-2.1516
-2.2757
-1.6253
-1.2341
-1.4461
-1.2508
-2.3895
-4.6707
-6.3001
-5.2327
-2.1135
0.58159
1.8174
2.1241
2.4011
2.1625
0.68433
-1.0754
-2.4052
-3.0364
-2.5331
-1.3897
-0.53544
0.15796
0.78945
1.1634
1.3251
1.2541
1.2719
1.5208
1.8033
2.0802
2.3865
2.6447
2.6679
2.5619
2.3223
1.9406
1.4736
0.93764
0.85166
1.0007
0.95439
0.9837
1.0167
1.1341
1.2624
1.2943
1.2303
1.0504
0.67072
0.029357
-0.78307
-1.4691
-1.8609
-2.1009
-2.106
-1.7379
-1.3706
-1.2342
-2.8302
-4.9505
-4.1289
-2.2369
0.018142
0.59954
-0.40789
-1.1689
-1.1438
-0.97373
-1.1734
-1.6157
-2.2225
-2.5602
-2.1531
-1.3984
-0.67122
-0.17386
0.27669
1.0707
1.4076
2.0121
2.2471